31754

26432
25721
31414
6516
14154
21573
11217
9191
24807
5581
24666
32301
16564
10188
7787
20229
30530
10779
16850
4379
10850
10716
26480
24794
27551
32248
10207
23681
26635
18381
25944
19065
17727
27680
12499
31206
20381
6233
2671
4476
24024
10223
277
16531
3511
32289
30040
1662
15893
10215
928
1049
27181
23080
22920
2978
18964
8237
31364
25290
23687
20054
14279
27403
15847
3339
24420
9275
28802
4086
26291
15714
31252
19823
5110
10185
31374
19000
27452
24659
8213
19819
25222
25360
7246
4272
8489
32016
32473
16563
20083
28789
6427
25046
13201
7884
20289
27939
13488
11678
31361
14724
25955
22849
16547
1334
15429
27124
1217
13179
10719
32556
21835
4751
5836
9512
31565
15838
3354
26827
3829
28788
4340
23979
13648
23477
27774
19046
27476
22094
29441
28469
547
30571
32584
6851
12430
29227
12618
319
24024
17744
12041
2479
2493
4924
27833
1416
30131
13849
16421
1660
29552
25687
17231
18068
31916
31067
19030
22142
30760
13941
28829
1576
20463
4115
298
15246
15580
23349
15948
11216
27484
28449
19585
10887
23925
3928
17558
857
11784
12744
12560
4555
6483
30019
31435
2903
28345
23600
2273
12223
20422
8065
6093
21408
24686
11749
3025
31050
19605
11070
17045
27599
18133
1109
10256
4186
25723
27340
4779
25026
31442
19797
10916
19039
24997
8226
24753
20509
16127
2461
14311
18126
16437
18264
26329
31941
25638
24391
5124
5536
15042
28973
12651
1893
15817
15444
15230
28113
9941
11649
24384
10220
26267
2343
19369
29665
8558
1499
12873
32013
21765
27400
15151
4182
2941
2020
28681
27326
16289
5794
25229
22071
22122
24554
4631
2234
20930
12934
21651
31123
8333
862
18077
8447
12266
18854
1767
22008
8630
27478
16603
15952
19539
19930
19074
1277
26535
24331
22949
19124
2919
10847
5170
1209
25237
20060
32736
15861
14407
26195
5398
28233
16811
15434
30986
23586
18760
22330
8998
15437
8070
14715
29103
1037
29809
25468
29096
8555
32442
28343
24052
3534
5118
21732
6588
28363
5707
14189
10768
14654
23265
15139
29393
2714
28213
19503
15054
11389
22844
24139
15149
30344
19429
32050
15885
621
20712
16724
4201
26185
28350
31951
19263
26933
23024
13467
14322
26135
7317
14852
21486
20671
22294
30814
14218
4399
32309
19188
25650
10553
14926
28481
15813
22608
19420
26467
13116
12696
6462
24780
23181
22591
18876
29499
974
22032
4549
19434
1950
16453
5242
6409
21697
7837
32369
18796
266
18607
15794
29825
24958
11646
31494
32388
28086
14669
14450
19702
29317
19893
14590
8011
22491
32756
5562
24547
32233
4488
9219
315
30086
22269
4355
15205
6098
259
22135
15797
16665
31683
27829
10430
13050
22643
24045
25724
25032
29992
7855
9939
12592
22252
20397
15928
25628
27153
19651
29871
17368
7365
11572
7925
17011
2022
6455
11262
7273
6679
6322
18594
15742
30995
16197
27539
27885
3393
22922
23954
1218
27529
32667
4578
14469
4455
12501
25341
12056
10045
23772
1927
29666
15598
32223
21376
814
13480
10270
6589
30157
20481
12969
16793
4099
4934
23914
25832
14241
29455
6245
2604
5486
23
20543
20236
26059
1355
25597
5889
15511
19489
10255
4691
16465
31531
6797
12612
8316
17132
11456
22410
19272
19690
17892
25603
9838
8452
25388
24741
20316
29958
30983
28340
9874
6779
31138
17207
10828
32451
9390
18348
25697
29029
1123
13051
28523
9382
15301
11945
22312
7258
2598
23630
22560
32506
10220
20297
17032
31991
24724
20146
1127
16974
3575
29584
7927
9821
22732
30540
2894
3572
25199
18022
21053
13232
15329
11111
23417
19076
19983
9751
14328
11929
5975
17135
27550
6232
25160
1745
31257
1477
22953
17143
15114
19982
7613
25898
14693
4963
16070
6196
8730
1801
16584
18583
1525
13226
3215
24959
29378
16880
29171
22006
10166
27474
8027
19031
26890
3885
12928
29189
14057
7702
18036
30044
27532
20335
8930
29672
1188
21816
28823
30421
7160
552
5953
26535
21327
5628
10359
24364
14224
9232
31738
24750
24360
18476
24891
21868
18348
7584
2589
23628
14015
11411
4859
16842
8759
16792
19437
13364
25467
25474
10055
2073
14895
23418
29027
8447
25108
846
13729
21076
16425
19980
29867
19623
27415
16080
4094
27416
4811
16858
3750
29965
2917
7139
8008
10279
32593
25521
31590
7797
3251
14826
4063
25831
21001
13094
3765
22021
11788
10311
19987
3296
14038
24845
6287
1097
11338
19685
21164
13890
27057
15874
6563
20402
6817
23215
16227
19549
14115
14564
18390
3858
2836
22551
19302
18982
19660
27988
25280
19490
1790
13712
32727
1209
23007
16955
22572
22013
22411
29716
17486
1490
32676
6209
14492
25506
7740
23455
15186
30290
4597
2135
31684
18037
15718
16818
28388
6336
10177
12846
5386
11454
4275
24529
19701
21445
31628
6845
22541
29737
30112
14853
29674
19631
7149
6847
11546
3141
9214
5466
20255
4592
27663
23858
5560
26885
22129
32354
866
21916
29744
28121
285
1346
17140
24497
11123
14318
549
22460
28855
30007
25426
10335
25739
8643
6612
21411
27812
2307
3502
649
10962
12061
13752
1694
18490
32554
23805
6608
1510
10658
22369
20608
13953
18196
27015
29144
1371
4891
26609
10847
11956
21389
20841
19658
3382
16373
26784
5398
8387
32068
4374
8659
29297
451
29497
6083
31187
30028
11217
9123
26491
25018
2715
20041
30908
18334
9268
22255
14517
27444
15161
1999
21130
28053
17581
14576
22773
1581
2971
30015
9982
28784
14332
30177
15878
25033
15578
26568
17674
7123
29110
12164
3366
28364
23336
8028
16216
16455
26309
21406
6023
27168
7749
10547
20676
1461
5606
630
9935
30547
6667
20039
4317
19951
24617
1370
6552
19223
16099
4565
30824
10024
12660
21787
20465
26048
10830
16354
13789
20086
30976
12428
26587
24009
18269
2996
20967
16983
29147
17159
18893
14928
16185
15957
9192
25897
15205
23271
1328
23957
14748
29972
5748
12209
16851
12303
31971
32638
27990
28675
15313
29589
30383
14946
25528
14358
201
28794
12925
11746
22869
6217
2293
6666
14957
10130
22952
27015
20343
1328
29909
23851
333
13483
21942
12759
19867
24585
21764
6383
11656
13286
25790
5387
20376
16839
14631
3823
10448
23724
782
14014
8476
9188
8017
1386
24303
12325
24484
29295
30249
5852
20623
12737
32317
14274
8374
3586
21395
2224
3421
13049
2091
21428
30763
31808
18308
7012
2606
7228
12732
6514
2080
12114
29176
2945
15337
3928
5126
16951
5988
31562
23873
9876
29798
26431
11445
10626
5629
2203
9860
20909
20213
29317
11913
23444
29089
22172
30266
8161
27864
15845
8659
13301
14909
19976
18609
30920
451
28349
21755
3056
5745
25473
1672
20223
12387
11661
7421
30994
2066
18952
27958
26279
14037
8316
26088
7087
167
13703
18308
11237
27434
30163
4958
32093
17900
11591
30222
6496
2025
32383
12566
32631
9810
28282
18374
11974
18573
22675
29533
22939
32125
24243
8817
30535
22019
10692
1937
10285
2245
3689
31528
8216
814
27116
13476
2770
2998
19320
7896
7922
22883
15752
19359
21237
17551
17311
19139
26768
29933
24634
26653
16965
12487
14082
5373
14133
12681
8007
204
22837
8579
15018
9455
24867
9963
25625
18415
13691
8225
2817
15319
16165
30007
20158
23518
145
8881
28247
3398
8966
24969
24680
18308
28215
4215
10079
26529
24088
17007
13803
21216
19183
5738
30642
11425
22446
15465
21059
9093
6784
19383
12875
6611
13218
20079
30987
11547
18036
9791
24073
24857
2256
11883
6406
29147
23706
16149
26673
4390
10136
30139
18074
4887
23940
26369
26345
19974
28768
7601
18000
12719
6922
2816
27582
22932
14864
19475
10070
7837
9925
26817
26143
27650
18581
28571
28157
23402
20629
4905
5600
23637
21342
11383
20027
27319
13596
18128
3512
6373
7138
6346
30250
28853
23617
3715
17858
28641
5144
18729
26759
9133
26541
14272
15872
10186
5373
11551
26419
3193
20817
5948
12500
26612
9490
15274
28086
5897
14814
7520
21893
28936
20187
28604
15287
29407
18252
15048
12992
9604
1890
5307
28549
17299
4948
5315
276
25145
9394
25345
12434
8528
10742
2517
7540
9931
25692
27741
27123
26965
6131
1592
3001
3637
500
22672
5345
24181
2387
10327
2334
5955
23957
29136
4922
6551
30689
13650
11971
15638
12889
329
6657
18999
27051
23933
9258
24484
23778
31639
11225
18147
16259
20705
25021
31797
12757
32077
9102
28094
4992
9145
838
13799
25689
6001
20109
21761
10109
757
10869
11819
31901
27645
5991
19317
25496
14523
29022
11589
24143
6752
16466
10490
25781
225
27896
6864
24357
31739
11688
28419
6905
11637
16286
17976
27992
12453
16486
14616
30799
6965
15250
32574
17955
31527
16558
32083
12006
30231
5494
32375
15433
28096
22598
7395
32689
19906
9937
7629
3725
26275
7446
17548
6374
31251
16528
24829
20023
23668
11181
7461
1152
20377
3458
19992
21910
31438
20925
19481
9917
9241
1243
5634
20088
3776
18587
17383
19616
8971
27826
3318
18612
17227
32704
25761
19056
29211
27779
29440
24737
11750
30538
27760
10807
9642
12205
3201
30108
11003
10876
14351
27204
1354
6133
2734
28806
2663
2618
21324
19370
8261
2
17425
6723
3070
1934
22922
12479
12822
3551
15623
572
11268
11814
9793
2973
22254
5500
64
29917
16309
20179
21884
23716
4145
2860
18243
536
25022
14859
5210
16630
6391
1576
29415
5089
11969
2664
16782
4346
2700
21259
21467
5296
20949
32551
24032
3802
20719
5717
17183
9731
24836
26282
19626
9476
28503
32489
2696
26329
2507
6390
25691
13485
5289
2190
7488
18999
3486
566
20215
29769
3
20081
8260
32166
3681
15670
14996
24085
13621
28065
17124
24499
10992
15849
23007
11917
322
30610
26438
1646
27544
3044
13461
29430
20196
29851
6884
21996
32412
3296
18443
10197
19205
30328
24329
9926
17585
24380
30631
26486
22854
15049
16728
31895
11650
17528
19812
10343
22652
23953
17477
19586
25645
7099
2641
3066
14126
7095
6042
21417
19395
27726
1811
15558
22553
9608
8436
32183
19404
31
25695
23846
18092
307
21571
23383
27841
3647
2945
1465
15245
32076
23629
10427
17552
30053
32471
21472
28946
13130
4907
25622
13084
1641
31318
2116
18376
6665
19147
29730
28346
24265
25605
13645
15087
10313
25965
24219
24758
21287
3197
32171
9467
1837
15910
3777
20939
27080
16239
25297
21525
21692
24928
11226
26286
25879
9246
9078
28312
30307
5463
32686
27780
24096
28128
10770
10133
31602
12957
27914
30055
28438
23714
2919
17232
3994
19607
30269
17638
28110
3425
5365
27585
32118
10751
21406
3202
13889
6833
27524
21779
16639
3424
6660
30769
1294
3386
14750
12840
10773
19869
29004
2782
25077
7222
28178
30995
3837
15978
23255
19175
6750
15860
2675
30621
3806
26832
2057
16030
19408
2136
407
14273
25667
5038
16587
14537
32378
24921
9753
13360
18332
7219
23050
29987
20397
32642
10455
23757
25021
7781
15414
1240
11359
14962
10100
27441
20061
28061
31172
2828
7082
11099
19159
1833
11928
23816
30124
18773
6475
7558
30122
15155
19310
22568
6636
31804
36
20174
732
14597
18498
19281
7683
1984
1211
33
5151
28166
25948
23596
23926
29652
16313
22018
28779
26579
21095
29239
15951
14556
18539
2313
29305
2235
4339
3907
10137
23603
24388
26210
1865
3139
26356
30709
2021
23720
10329
8266
15517
23459
24897
11334
27592
28412
30179
28309
24443
12871
26134
12292
9307
2662
8897
32554
10927
4687
22419
9038
32186
17680
31988
13957
1351
2320
17979
11035
1413
151
16417
16436
20757
17296
13173
10675
24930
26254
8210
28507
18737
29454
25615
18228
13689
13564
25397
28465
28788
376
17078
18959
6902
23257
3355
17280
4094
5618
21119
16265
9866
25749
6395
6441
17840
26966
12641
29755
32491
14481
17453
26269
8883
27311
10936
15506
848
9124
26799
23653
23023
13244
22980
3408
502
13720
26531
9627
32405
19827
23592
25608
32413
28075
9167
30831
21142
17532
5228
32678
2316
14094
3100
30371
9513
3506
31867
26853
9097
13672
13847
24080
16713
15014
2085
19159
14689
24916
2163
2334
27700
32283
6046
7008
9574
29919
30085
16207
29678
138
31229
5051
18540
10252
17863
21941
19900
1184
32703
30964
12235
15696
29269
8056
17577
23483
7489
13420
19424
24086
3955
11857
14341
10865
7497
15449
13964
18235
18181
25361
27104
32009
25470
19523
2484
17811
25366
19995
23955
11263
16107
28040
17855
611
26706
24549
17976
4229
19585
20441
18459
8165
16523
27004
1325
2301
27026
29115
20920
9671
30007
27901
14486
19840
13910
6407
7563
15788
31217
15900
23000
5210
10345
7017
1804
16297
1780
29345
27678
1675
11595
30437
16569
3785
931
8934
15063
1095
23775
14925
6801
17802
260
31323
10293
14711
15341
15820
22682
12893
17472
6146
2992
566
3744
11103
6491
9258
24868
16115
8322
8021
15112
22359
19555
1738
25763
22232
1065
15064
15257
26840
14528
20364
3922
15474
17640
15478
8619
21085
5000
14768
8171
25107
69
28189
10232
6706
9812
21231
11723
16418
4492
28780
21793
29432
1472
22513
4979
5530
20555
32567
11817
9252
22508
24789
26891
30859
24277
1542
30968
17025
11006
23981
3802
13976
2239
1174
3801
14505
23454
25343
18383
1399
12646
17239
16124
8080
2937
17989
25596
884
21094
22508
16629
26361
10174
2670
31509
2030
2596
31150
14140
19967
32676
7259
14069
17368
14918
9770
16811
11150
27362
24418
11802
12858
13877
5534
8195
1767
53
2510
20004
22702
418
32640
25703
31
23518
20830
22106
22499
7934
12023
13791
2208
30241
26562
25125
19485
28160
26463
8918
27559
2503
18209
914
32179
6692
6346
925
9924
2717
20117
28116
24975
6438
25722
27878
4701
11251
11949
12224
27058
14731
29032
12873
23084
30494
9706
32336
9645
16664
4288
30914
17853
29174
3395
3873
13097
7000
12898
22833
20720
21848
13473
757
32352
6171
10594
4825
5245
21413
3939
24625
21154
14834
16521
19938
32363
28482
12508
7519
15057
5300
7890
28120
23191
24854
6352
15278
12774
15356
31726
29737
11060
3855
20475
29037
9066
16808
9409
29354
20805
4766
21641
25748
15356
17500
20450
3603
1316
20278
22175
30011
2513
3581
16927
4222
7935
6352
17617
6176
27952
16950
17142
3052
12118
27242
10409
16678
22770
7414
24861
3264
26494
11395
21287
24016
25353
16624
1788
23618
21025
2977
22843
24522
9461
5658
24366
21277
23483
24268
24653
22369
27728
14382
2307
15330
11038
7696
15029
7686
15171
29997
7425
17795
18928
26879
21571
4303
6414
23511
350
1497
7464
7468
28345
23286
12933
23091
3719
3102
11668
31921
11852
20568
19086
27662
924
883
16470
25770
30246
22519
31396
22900
19186
25947
16226
5048
5351
26232
17238
1336
3728
15422
29186
127
16672
2214
27848
19314
7347
30183
1362
16424
26070
32237
14129
28667
7242
17927
25796
31967
16133
25312
23388
7411
4474
6320
25245
31830
17946
27571
23336
28988
12827
5339
12407
13889
28280
11970
8711
7933
2617
12002
10173
31448
12788
32520
30083
6687
28820
19206
25138
10584
27993
22184
13748
22227
19232
28650
8810
30338
3301
20840
28107
6154
9094
2326
3150
17178
2249
14129
13450
19964
2977
14710
11676
618
12717
5777
23754
1186
20994
15832
22118
12477
19754
28473
30196
25148
1644
24433
16783
23012
590
27775
7304
13772
20057
30297
3409
12212
5660
12253
6809
5528
2420
31754
953
12421
30730
11120
22607
3500
17948
11749
13096
23989
7809
3194
7268
24149
1511
16302
22228
547
13152
13793
7335
19111
21021
7691
3910
2228
4216
19117
24188
30456
8248
16648
27354
25298
3089
18574
26458
22371
1643
3734
15938
32488
5477
12883
15691
11847
16408
19719
19715
20199
8480
19060
14192
6853
601
9619
16886
24261
26086
23945
7802
14150
8312
14039
30664
31480
26828
7377
7474
18418
118
14161
4474
26367
23006
2220
243
31033
24456
10213
25314
9178
16536
27425
18986
11854
26261
5723
10537
18061
30829
25177
3293
24487
3769
28639
4939
24224
32067
31522
8481
2431
21957
25471
6810
27810
2036
23405
9122
10836
17085
21681
11067
26786
31439
31953
17951
20842
14937
24010
7334
22708
7701
30469
28651
15685
9093
25224
31274
30578
11389
23146
11885
2611
23521
12937
7016
27256
12208
6783
30113
28864
31809
15313
3284
2279
11469
2154
12437
5183
27950
19784
18487
12771
8422
23926
8685
24904
19299
26938
15663
13077
19842
21903
5215
31797
7249
10197
10669
16170
21785
22984
23352
16292
21148
10671
17013
29778
10139
15061
8917
19192
8859
6717
11170
29378
16105
31634
4394
8408
9948
16989
16672
818
11098
11131
13887
21934
21661
10957
12080
19807
28727
20785
19630
20008
16468
20145
23272
7818
12352
25851
18983
3515
12841
24081
6832
16376
10789
23362
16364
5403
2679
4185
16070
23920
1294
16148
2901
20677
30286
1752
27067
31680
27923
23714
22093
6006
29683
16193
14580
32568
32708
31683
26578
14512
10078
5677
15657
16942
2210
10863
17529
6972
32444
22934
17129
15224
3492
5956
7912
27555
9963
27485
27412
13557
11188
31748
6235
23219
20481
29638
4960
4612
17200
6164
20768
27649
16837
9207
3797
9739
29801
15103
18715
21601
16435
2173
11857
6897
27687
24305
4162
26735
16380
27590
6404
26533
35
21309
18209
6922
27396
18600
29941
22165
7051
30424
28503
3027
29923
19672
24444
7224
31617
732
3095
9651
16229
27508
13765
32132
15260
25861
4777
19794
20234
32634
11603
1656
12902
10807
10983
8097
3974
32334
15483
20628
7645
30966
16320
16465
26690
14905
21221
22876
8178
7148
24504
14425
8409
13540
25103
26841
2829
7271
28006
25716
5532
481
13769
2072
32391
27864
8181
29600
15374
14626
7354
1960
21294
9046
21411
30112
30569
31104
24793
5664
22469
17433
10821
31099
15639
31542
4085
26263
23937
7167
31681
15356
2362
12899
5166
26410
5261
11018
5778
26160
8997
395
7289
1914
14471
7904
20552
23531
12768
31767
21792
3884
3329
23881
26117
6723
8360
14544
28736
1127
10753
7861
11521
9746
21356
13416
32329
8793
6273
6324
4871
2681
11089
17393
5762
24498
16111
14460
28406
26456
23344
5988
20354
1319
7598
28006
8513
4055
3091
19484
1976
21488
23444
881
1136
14560
20923
3928
32227
15434
8810
3518
11677
14242
28445
20668
14747
9207
19311
24850
31991
20495
27360
1233
17351
15545
23509
7767
32322
4959
29664
30592
12068
27355
20802
19739
6484
20107
5550
11931
28868
15272
15952
1551
4761
2259
15630
23637
2189
27633
14094
11658
23441
4665
3192
25028
31158
32395
3453
15876
13133
8708
152
24934
4941
25295
24083
8859
5878
1342
25806
24985
2228
11033
27708
8593
582
23862
6062
32546
23071
21321
20180
22220
13
28158
8064
12199
3352
5957
27822
15957
2733
31981
3778
5173
13564
22901
18704
20185
15518
16159
14497
23483
19323
6469
8244
9259
20715
22512
13700
13708
22811
31143
21449
14784
29619
26501
14209
21473
28085
22415
10096
13618
25256
10564
12006
32341
26871
28789
19776
16574
23956
8790
16049
13415
4832
6358
16963
30149
26319
24620
280
24572
1095
690
31478
22351
21450
18167
7171
6106
24405
5135
24524
23683
11656
28718
9612
29230
22534
19830
6572
2864
24863
6412
22662
26374
3245
16497
11886
8776
16443
8464
6387
17112
11885
5651
28002
21599
20892
6267
18572
10490
31168
9584
11209
4656
29075
24277
27453
9768
32499
6688
20826
25880
17032
20841
7078
21249
15016
10944
13503
22938
28023
2500
20380
1673
32339
24434
18453
31193
12911
11322
27814
6313
10429
26712
5488
22561
18706
18017
11392
13483
11909
1052
2900
10591
4376
15764
20891
15294
29338
30315
6461
28580
4811
19825
11163
14200
28354
3701
7192
13478
20364
5724
27608
23631
11286
15728
6856
21567
25164
15354
18910
7199
2947
15634
21154
22251
28692
5046
30701
18599
24138
17946
5104
23630
26751
25407
26489
17932
20097
22215
28274
5548
5691
12040
23978
19796
6033
2399
11737
20592
32651
6342
22494
16108
3766
31401
9802
4262
5831
19958
16418
1315
31618
16500
20705
15233
15066
1621
29117
1708
16474
28686
14379
20949
1987
4710
3493
10528
21239
13517
13483
15005
30485
31216
7944
25466
1254
30346
31062
7543
20600
10877
4036
24729
7176
4129
28695
19747
27173
13788
27887
12738
15123
5619
26188
16904
14702
8351
31568
4379
6671
11364
2375
9391
13108
16542
7140
13361
3802
28253
13005
26693
31854
11122
91
11891
26021
25546
1434
29981
27305
13563
12184
25525
2421
2077
23004
25389
21634
32219
23092
2734
31907
24777
31156
17548
12845
4601
32507
16250
8540
9161
11704
32762
3570
5886
24429
9752
21025
28183
6515
15192
17579
2779
17471
7405
19016
2613
26595
22059
5704
4673
4567
32575
24185
18087
18426
29726
1611
22312
11476
30651
1330
23670
14622
6013
3148
30537
11908
25328
12100
26031
10153
19387
5238
675
26988
16850
28756
25570
22890
24556
20488
2554
15811
15416
30555
22180
10786
12619
21973
15699
15863
13149
22309
25101
6151
1462
4804
6778
8999
25699
7894
1339
8260
30253
2641
11132
4519
6860
16992
24781
27511
26967
26378
21805
11648
29439
21263
3432
18994
7677
23314
13732
32493
11465
2045
566
380
17805
20642
4794
9951
3545
5790
2914
26445
11928
27267
22670
25465
21571
23350
20637
20245
32596
21653
10243
25748
14590
20829
27548
17973
27
25675
30017
28733
614
23682
3736
8323
30186
2349
13872
22322
9914
24677
15053
21707
3299
3413
8448
14697
32415
10652
1787
10569
21195
9714
31396
6793
1947
9743
30184
12336
16781
21449
30034
18031
13979
28028
23772
5159
22965
5038
7941
1450
23150
6643
23075
13510
19702
24335
24571
8704
3656
28763
23439
4893
14500
31850
2359
15079
15424
22763
13555
3629
28731
8145
29440
27148
12242
10162
18089
28525
22486
23405
11104
14287
14429
13584
13325
18247
20153
24569
13478
24516
23462
17979
10752
6552
10695
3395
21477
25908
6228
17851
13670
23091
15885
21166
28530
30619
14450
19437
10664
14687
31541
24498
32106
10024
13296
30596
5939
16468
5652
9306
554
26943
8993
5635
20983
15810
17181
8645
7893
27898
16703
7237
2024
587
235
2726
12242
16292
32483
28405
26497
27908
29371
13253
31562
16701
9357
31510
22076
18424
19183
21628
28590
26873
1314
7805
14107
29860
17804
5946
29232
22976
16488
24658
16674
26748
12989
31235
15685
18095
5516
31122
26075
31076
4430
32493
20265
10134
17822
11664
18385
31288
14642
11429
26715
15737
1551
29295
16661
10053
5629
24296
6685
26383
825
27049
31164
25294
29035
26379
25845
17733
29399
10380
3678
16776
19927
31860
26415
12220
13961
20664
18073
26398
20677
32030
7001
31047
3666
30882
23436
12974
15705
32280
9925
1134
23321
25620
20061
15177
32477
11271
14346
10221
28971
3242
20147
7287
17215
31648
30083
25398
31416
31319
12605
4785
9616
10799
31695
25323
27217
27614
30249
26597
26758
3603
27727
21861
32112
20313
24493
12278
16635
14142
2988
3888
20208
2741
6274
21817
12396
24506
28750
32652
31121
5172
27236
29945
28539
11295
16613
29933
19062
23274
1172
3060
26734
15390
740
12668
935
32577
21078
29404
16814
2810
30977
20373
11919
23414
24946
10967
30792
8201
4535
30279
32382
23577
22711
31231
2671
3896
26053
24022
17192
10384
32372
22498
12791
18820
18092
9276
27428
7060
20221
10755
11996
15745
23860
29092
5742
2994
9004
20568
8634
18391
22503
27886
14565
25548
26333
458
30290
29632
10644
46
19662
2966
24433
30904
24075
2955
22478
27948
5456
8218
589
28532
23150
31005
22891
12773
28918
31796
23384
27844
22441
30314
1286
15625
15408
4374
895
24674
22286
3584
3965
29307
17362
3781
10036
3965
10641
27517
6771
32725
18323
23706
7403
20790
14925
31763
21198
225
3215
25027
2973
6948
26879
24332
7995
29728
32710
7615
8517
24016
29833
9792
24230
32583
26779
4325
22885
12601
30065
26272
14018
957
11094
29918
21378
20817
26719
6318
29319
799
7074
17702
14755
27263
18595
18690
28846
21436
24335
6031
14038
13851
15021
6344
8759
9497
24465
17598
32172
26357
18067
3645
6372
21614
19967
24748
24248
26062
8846
13621
9659
4391
13461
806
28435
24029
3453
3991
1928
20836
6515
24654
16091
6475
14688
21983
10585
5754
12572
12567
8111
11704
17887
1947
28928
368
8440
27597
31541
30900
19137
19439
7573
14210
20946
19595
14741
27718
29301
8722
13809
5793
21082
11715
14331
11113
9356
25038
1843
14833
18852
12474
20249
30346
16445
3076
13119
20041
31143
13833
27042
26635
26336
27429
20282
14007
20927
9757
10960
195
22131
954
4624
250
4396
2487
9439
1148
21528
21726
4847
10758
31121
29293
8080
9843
9877
26814
6089
12931
4470
13095
28327
1500
8402
13600
29653
846
30406
26787
22637
31323
15455
19417
30222
8695
16721
20978
3119
12428
17388
23380
26546
13633
30027
30969
10428
5756
3535
32530
6853
22949
1484
10993
21227
6190
18049
24613
2188
17872
26446
16615
23571
11287
19233
9653
18
16160
12850
14396
30866
12194
5104
13691
25767
24107
21818
6950
1607
5036
11987
17480
31835
9016
22544
14637
25367
22793
18900
13951
20103
23236
11710
12207
21355
23805
19873
20630
4677
20990
5941
16989
30896
30148
2060
14234
11507
23371
5575
955
22486
24332
26249
16808
16565
8899
28076
19876
28626
30325
16563
5748
19183
21170
14464
2500
24605
18456
13000
8134
21199
2072
1987
18972
7986
27389
2088
18936
10177
5929
5976
12674
16660
11682
13785
5242
12280
8142
4103
11294
19909
4731
25862
29262
18156
29218
23035
30702
10192
7277
3452
31372
11223
17142
32581
32066
704
27474
8236
26846
55
12366
7767
30529
27046
10360
16812
28165
22095
5602
27785
27747
21912
17186
5301
20563
20389
12701
18583
30452
21548
32006
5286
23599
19333
6177
23841
23959
15873
18125
0
9364
9597
31041
21290
31681
32055
27798
21224
5010
992
13446
5274
31290
25586
4723
20905
19148
13891
15786
7868
22432
4827
234
9007
21496
9218
20768
25793
16611
28574
16757
31628
8546
19132
30858
16955
14794
11117
2818
22135
24169
19667
24386
32162
5484
22907
32372
16840
4096
4077
30418
23250
16056
5506
13089
14333
1327
27510
27515
15755
20718
14910
4946
2745
6032
26396
26802
23536
36
10224
2246
23871
15314
2385
11678
265
20930
6876
31023
12027
25145
13772
29084
24385
9477
4556
4788
30202
10012
7177
6331
29417
2944
17546
26733
18797
21349
13764
14400
29875
29078
10857
24298
7210
11541
21890
27427
23607
5889
4285
26796
1835
6077
17672
30352
29298
22351
16734
4778
9228
1286
29665
15975
29762
16992
14634
24781
30609
13610
13789
2492
17643
1257
28288
31348
27679
18297
4493
5976
12437
8436
10181
9970
23614
6870
7880
566
16075
30302
25059
6667
11549
32311
29993
30215
5373
6999
18117
4218
30990
12584
10894
13231
26879
1253
13276
15470
18949
13383
24986
26053
905
32610
20637
521
25630
27081
26676
17687
21173
30457
13569
991
8212
1525
26119
3364
3204
4141
8195
32637
21962
20388
6912
16544
24921
4178
15910
31199
22214
12488
11731
15859
15996
5650
32749
15353
30897
5857
2678
9146
8345
8682
96
7983
12249
9097
20643
1349
30270
28330
31630
10717
14767
11497
21082
28439
4704
6648
21765
31696
22345
3649
8798
15209
11991
7373
11868
2762
6113
18533
12979
13991
32477
5111
3497
12034
13140
29243
806
5106
20883
22677
5131
32674
29860
31038
24517
12700
17532
26783
17442
32584
13430
12797
12131
11695
1536
8027
22674
6277
25492
14492
21014
19047
10219
15849
10884
27233
9581
8530
4024
8883
491
17336
10277
25813
31376
30954
5737
11960
9237
5902
23332
13647
31541
5443
2315
6222
22881
32132
32568
818
8628
13775
7620
24449
14889
25735
10392
31827
9484
29720
19584
20241
20142
31193
31362
12669
25437
1078
3437
16626
16787
5134
28084
17133
23662
17754
10109
13005
8800
27408
9974
23767
15400
8775
3816
10877
14337
8347
23950
992
29977
16851
21415
27283
25412
6337
20938
12706
27378
1898
8186
30419
4447
8807
21370
16683
11529
25483
18146
26804
15975
28614
22643
11134
16600
29769
25256
5092
2010
24299
8973
5136
31868
30156
852
31426
20246
4664
30886
9548
28983
718
27959
4834
27615
22753
26653
15632
26094
9502
26466
22924
28381
26479
8280
26926
25004
13856
6700
14397
29723
24641
22206
13292
17949
3915
32176
14628
1418
11270
15806
16516
31252
2729
22605
2983
3452
8771
2886
14245
9222
21339
19748
22748
22826
467
3916
1008
29836
1555
31389
26640
11054
14691
23113
24187
228
8599
10467
4931
24073
32754
29625
11089
11633
18245
2147
2986
5790
15703
8348
9713
10295
19337
81
28204
1717
17082
14840
24011
29536
5737
3363
10214
16250
21273
4949
710
32698
21498
12052
10919
5116
31685
28991
444
22326
29928
26786
29044
2990
15587
4040
28924
22378
32498
19728
21765
25832
492
14595
19655
31760
11627
7909
12357
10087
27181
27530
979
14725
25018
32364
21718
18121
24903
4346
21452
26443
25563
10290
20364
21778
1968
17521
30158
14984
29404
17290
31981
17706
27440
10518
6892
20612
9569
16652
28088
15709
3941
20626
14508
18735
6688
18706
7002
31194
17984
12687
9609
29080
30822
14906
27770
16180
22662
11840
1392
32375
16528
14311
2414
23780
32336
10969
1603
22181
27795
18623
196
16324
10123
13330
27737
28062
24692
1326
15291
5269
5240
13737
28411
11782
10960
21986
17095
31355
15917
16605
25833
29729
5462
16974
21008
17788
3858
25331
16595
6233
1352
20263
15859
20740
27493
2997
24032
2492
11262
27882
10111
25188
2487
1006
7211
30843
1891
30292
250
6990
7020
29679
19777
4204
12917
16103
25178
31835
17727
31245
28836
17289
1481
12652
11724
30597
26556
20768
16459
9327
2053
32364
1072
4782
14276
1798
3360
20704
11877
23221
2459
6679
9996
17182
27520
27714
27959
19931
31188
25321
7327
7374
12223
10782
6239
4277
3287
7600
32087
510
15010
26785
5075
31708
11093
14554
1128
11674
5602
23326
21535
1584
29490
21309
27606
11796
24751
17546
12002
21330
3078
16014
25849
31711
3115
16894
31568
21034
19357
4587
24832
8181
26603
9529
686
27491
10871
19538
10603
27218
32378
24347
16601
16362
2120
1832
18575
14454
16854
31276
29887
30579
16505
14515
16918
19431
2032
9491
228
7925
3749
1695
7037
12461
22320
19743
7135
5929
17181
10365
13461
13269
751
18625
20699
4878
18276
23103
28674
27119
6139
4623
20502
9831
29364
24254
11199
17807
6423
4419
3941
25659
11895
4661
2455
15824
2936
30523
15022
3413
27343
3267
1965
1228
21321
10231
29804
20162
25359
21740
26870
20005
24616
13597
26159
4182
12863
8729
28090
9599
10663
26744
8473
21287
14236
12051
23574
21763
31692
24181
20066
8207
19222
7308
22653
23518
5009
12452
12245
1582
16848
25495
3634
29888
2916
12349
28753
10599
17059
22570
10191
11358
6056
12441
17482
24798
27291
15267
6082
2032
4915
25013
23109
25985
16760
24384
12491
15284
23502
15026
7007
4220
32303
22182
3711
29033
32440
29783
15302
10690
7015
14939
19912
7893
13603
5006
6974
18059
15356
31308
5475
27711
